Name	SNP	Chr	MapInfo	Subject_ID_64	Subject_ID_65	Subject_ID_66	Subject_ID_67	Subject_ID_68	Subject_ID_69	Subject_ID_70
rs2231410	[A/G]	9	135765261	3	3	3	3	3	3	3
rs11553763	[A/G]	9	135767185	2	2	2	2	2	2	2
rs1050700	[A/G]	9	135767943	1	1	2	2	1	3	2
rs10491534	[A/G]	9	135769688	1	2	1	2	2	1	1
rs739442	[T/C]	9	135770134	3	3	3	3	3	3	3
kgp11503389	[A/C]	9	135770250	1	1	1	2	1	2	2
rs2809243	[T/C]	9	135770300	1	2	2	2	3	2	1
rs2809244	[A/C]	9	135770347	3	3	3	3	1	3	3
kgp18391847	[A/G]	9	135770940	3	3	3	3	3	3	3
kgp22768742	[T/G]	9	135771327	3	3	3	3	3	3	3
kgp7561890	[T/C]	9	135771515	1	1	1	2	1	1	2
rs4962081	[A/G]	9	135772717	1	1	1	1	2	1	1
kgp18652496	[A/G]	9	135773571	1	1	1	1	1	1	1
rs2250057	[T/G]	9	135775203	3	2	2	2	2	2	2
kgp4863402	[A/G]	9	135778523	3	3	3	3	3	3	3
kgp6786324	[A/C]	9	135784169	3	2	3	1	1	1	2
rs1073123	[A/G]	9	135786904	3	3	3	2	1	2	3
kgp11813769	[T/C]	9	135790798	2	2	2	2	3	2	3
kgp8208231	[T/C]	9	135791614	3	3	3	3	3	3	3
kgp10380370	[A/G]	9	135794294	3	3	3	3	3	3	3
rs13295430	[T/C]	9	135799776	1	1	1	1	1	1	1
kgp18491591	[T/C]	9	135801064	3	3	3	3	3	3	3
kgp18367830	[T/C]	9	135803521	3	2	3	3	3	3	2
rs3761840	[A/G]	9	135804735	1	1	1	1	3	1	1
rs7874234	[A/G]	9	135813001	1	2	1	1	1	1	2
kgp12284706	[A/G]	9	135815269	3	3	3	2	2	3	3
rs4419933	[A/G]	9	135815269	3	3	3	2	1	3	2
kgp7096367	[A/G]	9	135815920	1	1	1	1	2	2	1
kgp5854205	[A/G]	9	135816412	1	1	2	1	1	1	1
rs4962083	[A/G]	9	135820608	2	2	1	2	1	1	1
